526321
521028
524520
552163
532411
525305
531824
538031
495334
5265924
537104
523814
515223
526116
551621
4784258
532753
521734
527942
521172
533802
536204
529662
498019
527364
528105
536406
522010
525414
524660
4979177
42244
522893
536149
522071
536526
514429
540090
502601
525192
520093
531837
538653
542501
538075
525275
546256
505035
562123
558460
160623
512087
533750
552191
535662
516594
534850
5197719
535842
528801
3088840
526080
541308
6383616
4938046
537004
529445
493153
550589
546561
544941
545942
525507
3407571
7348358
542336
512970
526253
525861
535264
533069
531892
527628
526254
525476
534345
528218
531614
535005
526480
536067
529688
532047
537496
517822
332337
