894112
883714
880868
928964
899928
886965
907267
909694
849696
9879749
906575
892648
877966
899452
929608
9028767
896293
894206
890933
888665
898554
905727
895057
869858
892982
895467
907359
894968
888207
890430
9365674
100207
888764
905253
885901
902368
881512
905317
862726
887963
887354
899233
904899
913243
905192
888851
917389
866587
1098706
933668
1480869
871668
901184
931800
902324
872810
901070
9634493
899267
893649
5675883
898176
908884
12181904
9361608
902860
890909
849159
923959
919612
920779
919372
890870
6398307
13858615
916474
878766
892937
896972
902901
898734
898712
898968
893657
899078
900559
903165
902004
899209
887418
896354
899248
901015
903129
886994
688318
