 1:   0.5010  0.4990  1
 2:   0.5000  0.5000  1
 3:   0.4975  0.5025  1
 4:   0.5015  0.4985  1
 5:   0.4975  0.5025  1
 6:   0.4975  0.5025  1
 7:   0.5010  0.4990  1
 8:   0.5025  0.4975  1
 9:   0.4955  0.5045  1
10:   0.5000  0.5000  1
11:   0.5040  0.4960  1
12:   0.5025  0.4975  1
13:   0.4980  0.5020  1
14:   0.5040  0.4960  1
15:   0.5070  0.4930  1
16:   0.5035  0.4965  1
17:   0.4980  0.5020  1
18:   0.4980  0.5020  1
19:   0.4965  0.5035  1
20:   0.5035  0.4965  1
21:   0.4930  0.5070  1
22:   0.5005  0.4995  1
23:   0.4960  0.5040  1
24:   0.5040  0.4960  1
25:   0.4985  0.5015  1
26:   0.4940  0.5060  1
27:   0.5075  0.4925  1
28:   0.4985  0.5015  1
29:   0.5000  0.5000  1
30:   0.5030  0.4970  1
31:   0.5080  0.4920  1
32:   0.4985  0.5015  1
33:   0.5030  0.4970  1
34:   0.5050  0.4950  1
35:   0.5005  0.4995  1
36:   0.4950  0.5050  1
37:   0.4985  0.5015  1
38:   0.4990  0.5010  1
39:   0.5035  0.4965  1
40:   0.5005  0.4995  1
41:   0.4990  0.5010  1
42:   0.4975  0.5025  1
43:   0.5070  0.4930  1
44:   0.4960  0.5040  1
45:   0.5020  0.4980  1
46:   0.4980  0.5020  1
47:   0.5020  0.4980  1
48:   0.5045  0.4955  1
49:   0.4965  0.5035  1
50:   0.4950  0.5050  1
51:   0.5000  0.5000  1
52:   0.4990  0.5010  1
53:   0.5030  0.4970  1
54:   0.4985  0.5015  1
55:   0.5050  0.4950  1
56:   0.5000  0.5000  1
57:   0.4950  0.5050  1
58:   0.5065  0.4935  1
59:   0.5000  0.5000  1
60:   0.4980  0.5020  1
61:   0.4960  0.5040  1
62:   0.5010  0.4990  1
63:   0.5010  0.4990  1
64:   0.5045  0.4955  1
65:   0.4995  0.5005  1
66:   0.4990  0.5010  1
67:   0.5020  0.4980  1
68:   0.5045  0.4955  1
69:   0.5020  0.4980  1
70:   0.5025  0.4975  1
71:   0.5050  0.4950  1
72:   0.5040  0.4960  1
73:   0.5060  0.4940  1
74:   0.4995  0.5005  1
75:   0.5040  0.4960  1
76:   0.4935  0.5065  1
77:   0.4975  0.5025  1
78:   0.4990  0.5010  1
79:   0.5015  0.4985  1
80:   0.5020  0.4980  1
81:   0.5040  0.4960  1
82:   0.5000  0.5000  1
83:   0.5065  0.4935  1
84:   0.5045  0.4955  1
85:   0.5040  0.4960  1
86:   0.5020  0.4980  1
87:   0.4980  0.5020  1
88:   0.5000  0.5000  1
89:   0.5020  0.4980  1
90:   0.4985  0.5015  1
91:   0.4950  0.5050  1
92:   0.5025  0.4975  1
93:   0.5025  0.4975  1
94:   0.4995  0.5005  1
95:   0.5015  0.4985  1
96:   0.4985  0.5015  1
