1:    0.498 0.502 1    
2:    0.503 0.497 1    
3:    0.495 0.505 1    
4:    0.507 0.493 1    
5:    0.497 0.503 1    
6:    0.495 0.505 1    
7:    0.501 0.499 1    
8:    0.499 0.501 1    
9:    0.499 0.501 1    
10:   0.505 0.495 1    
11:   0.502 0.498 1    
12:   0.506 0.494 1    
13:   0.500 0.500 1    
14:   0.507 0.493 1    
15:   0.505 0.495 1    
16:   0.500 0.500 1    
17:   0.497 0.503 1    
18:   0.498 0.502 1    
19:   0.500 0.500 1    
20:   0.501 0.499 1    
21:   0.496 0.504 1    
22:   0.501 0.499 1    
23:   0.498 0.502 1    
24:   0.500 0.500 1    
25:   0.498 0.502 1    
26:   0.489 0.511 1    
27:   0.501 0.499 1    
28:   0.500 0.500 1    
29:   0.499 0.501 1    
30:   0.503 0.497 1    
31:   0.503 0.497 1    
32:   0.500 0.500 1    
33:   0.498 0.502 1    
34:   0.506 0.494 1    
35:   0.500 0.500 1    
36:   0.492 0.508 1    
37:   0.500 0.500 1    
38:   0.495 0.505 1    
39:   0.498 0.502 1    
40:   0.492 0.508 1    
41:   0.501 0.499 1    
42:   0.501 0.499 1    
43:   0.512 0.488 1    
44:   0.498 0.502 1    
45:   0.503 0.497 1    
46:   0.507 0.493 1    
47:   0.498 0.502 1    
48:   0.507 0.493 1    
49:   0.499 0.501 1    
50:   0.495 0.505 1    
51:   0.501 0.499 1    
52:   0.497 0.503 1    
53:   0.504 0.496 1    
54:   0.502 0.498 1    
55:   0.496 0.504 1    
56:   0.496 0.504 1    
57:   0.491 0.509 1    
58:   0.509 0.491 1    
59:   0.497 0.503 1    
60:   0.494 0.506 1    
61:   0.494 0.506 1    
62:   0.495 0.505 1    
63:   0.504 0.496 1    
64:   0.504 0.496 1    
65:   0.499 0.501 1    
66:   0.497 0.503 1    
67:   0.500 0.500 1    
68:   0.500 0.500 1    
69:   0.501 0.499 1    
70:   0.503 0.497 1    
71:   0.504 0.496 1    
72:   0.501 0.499 1    
73:   0.507 0.493 1    
74:   0.502 0.498 1    
75:   0.504 0.496 1    
76:   0.497 0.503 1    
77:   0.500 0.500 1    
78:   0.501 0.499 1    
79:   0.502 0.498 1    
80:   0.501 0.499 1    
81:   0.503 0.497 1    
82:   0.496 0.504 1    
83:   0.510 0.490 1    
84:   0.509 0.491 1    
85:   0.508 0.492 1    
86:   0.498 0.502 1    
87:   0.500 0.500 1    
88:   0.497 0.503 1    
89:   0.498 0.502 1    
90:   0.498 0.502 1    
91:   0.492 0.508 1    
92:   0.500 0.500 1    
93:   0.507 0.493 1    
94:   0.498 0.502 1    
95:   0.509 0.491 1    
96:   0.499 0.501 1    
           
           
1:    0.496 0.504 1    
2:    0.503 0.497 1    
3:    0.500 0.500 1    
4:    0.504 0.496 1    
5:    0.502 0.498 1    
6:    0.500 0.500 1    
7:    0.499 0.501 1    
8:    0.494 0.506 1    
9:    0.508 0.492 1    
10:   0.505 0.495 1    
11:   0.494 0.506 1    
12:   0.501 0.499 1    
13:   0.504 0.496 1    
14:   0.499 0.501 1    
15:   0.491 0.509 1    
16:   0.493 0.507 1    
17:   0.501 0.499 1    
18:   0.502 0.498 1    
19:   0.507 0.493 1    
20:   0.494 0.506 1    
21:   0.510 0.490 1    
22:   0.500 0.500 1    
23:   0.506 0.494 1    
24:   0.492 0.508 1    
25:   0.501 0.499 1    
26:   0.501 0.499 1    
27:   0.486 0.514 1    
28:   0.503 0.497 1    
29:   0.499 0.501 1    
30:   0.497 0.503 1    
31:   0.487 0.513 1    
32:   0.503 0.497 1    
33:   0.492 0.508 1    
34:   0.496 0.504 1    
35:   0.499 0.501 1    
36:   0.502 0.498 1    
37:   0.503 0.497 1    
38:   0.497 0.503 1    
39:   0.491 0.509 1    
40:   0.491 0.509 1    
41:   0.503 0.497 1    
42:   0.506 0.494 1    
43:   0.498 0.502 1    
44:   0.506 0.494 1    
45:   0.499 0.501 1    
46:   0.511 0.489 1    
47:   0.494 0.506 1    
48:   0.498 0.502 1    
49:   0.506 0.494 1    
50:   0.505 0.495 1    
51:   0.501 0.499 1    
52:   0.499 0.501 1    
53:   0.498 0.502 1    
54:   0.505 0.495 1    
55:   0.486 0.514 1    
56:   0.496 0.504 1    
57:   0.501 0.499 1    
58:   0.496 0.504 1    
59:   0.497 0.503 1    
60:   0.498 0.502 1    
61:   0.502 0.498 1    
62:   0.493 0.507 1    
63:   0.502 0.498 1    
64:   0.495 0.505 1    
65:   0.500 0.500 1    
66:   0.499 0.501 1    
67:   0.496 0.504 1    
68:   0.491 0.509 1    
69:   0.497 0.503 1    
70:   0.498 0.502 1    
71:   0.494 0.506 1    
72:   0.493 0.507 1    
73:   0.495 0.505 1    
74:   0.503 0.497 1    
75:   0.496 0.504 1    
76:   0.510 0.490 1    
77:   0.505 0.495 1    
78:   0.503 0.497 1    
79:   0.499 0.501 1    
80:   0.497 0.503 1    
81:   0.495 0.505 1    
82:   0.496 0.504 1    
83:   0.497 0.503 1    
84:   0.500 0.500 1    
85:   0.500 0.500 1    
86:   0.494 0.506 1    
87:   0.504 0.496 1    
88:   0.497 0.503 1    
89:   0.494 0.506 1    
90:   0.501 0.499 1    
91:   0.502 0.498 1    
92:   0.495 0.505 1    
93:   0.502 0.498 1    
94:   0.499 0.501 1    
95:   0.506 0.494 1    
96:   0.502 0.498 1    
