 1:   0.4980  0.5020  1
 2:   0.5030  0.4970  1
 3:   0.4950  0.5050  1
 4:   0.5070  0.4930  1
 5:   0.4970  0.5030  1
 6:   0.4950  0.5050  1
 7:   0.5010  0.4990  1
 8:   0.4990  0.5010  1
 9:   0.4990  0.5010  1
10:   0.5050  0.4950  1
11:   0.5020  0.4980  1
12:   0.5060  0.4940  1
13:   0.5000  0.5000  1
14:   0.5070  0.4930  1
15:   0.5050  0.4950  1
16:   0.5000  0.5000  1
17:   0.4970  0.5030  1
18:   0.4980  0.5020  1
19:   0.5000  0.5000  1
20:   0.5010  0.4990  1
21:   0.4960  0.5040  1
22:   0.5010  0.4990  1
23:   0.4980  0.5020  1
24:   0.5000  0.5000  1
25:   0.4980  0.5020  1
26:   0.4890  0.5110  1
27:   0.5010  0.4990  1
28:   0.5000  0.5000  1
29:   0.4990  0.5010  1
30:   0.5030  0.4970  1
31:   0.5030  0.4970  1
32:   0.5000  0.5000  1
33:   0.4980  0.5020  1
34:   0.5060  0.4940  1
35:   0.5000  0.5000  1
36:   0.4920  0.5080  1
37:   0.5000  0.5000  1
38:   0.4950  0.5050  1
39:   0.4980  0.5020  1
40:   0.4920  0.5080  1
41:   0.5010  0.4990  1
42:   0.5010  0.4990  1
43:   0.5120  0.4880  1
44:   0.4980  0.5020  1
45:   0.5030  0.4970  1
46:   0.5070  0.4930  1
47:   0.4980  0.5020  1
48:   0.5070  0.4930  1
49:   0.4990  0.5010  1
50:   0.4950  0.5050  1
51:   0.5010  0.4990  1
52:   0.4970  0.5030  1
53:   0.5040  0.4960  1
54:   0.5020  0.4980  1
55:   0.4960  0.5040  1
56:   0.4960  0.5040  1
57:   0.4910  0.5090  1
58:   0.5090  0.4910  1
59:   0.4970  0.5030  1
60:   0.4940  0.5060  1
61:   0.4940  0.5060  1
62:   0.4950  0.5050  1
63:   0.5040  0.4960  1
64:   0.5040  0.4960  1
65:   0.4990  0.5010  1
66:   0.4970  0.5030  1
67:   0.5000  0.5000  1
68:   0.5000  0.5000  1
69:   0.5010  0.4990  1
70:   0.5030  0.4970  1
71:   0.5040  0.4960  1
72:   0.5010  0.4990  1
73:   0.5070  0.4930  1
74:   0.5020  0.4980  1
75:   0.5040  0.4960  1
76:   0.4970  0.5030  1
77:   0.5000  0.5000  1
78:   0.5010  0.4990  1
79:   0.5020  0.4980  1
80:   0.5010  0.4990  1
81:   0.5030  0.4970  1
82:   0.4960  0.5040  1
83:   0.5100  0.4900  1
84:   0.5090  0.4910  1
85:   0.5080  0.4920  1
86:   0.4980  0.5020  1
87:   0.5000  0.5000  1
88:   0.4970  0.5030  1
89:   0.4980  0.5020  1
90:   0.4980  0.5020  1
91:   0.4920  0.5080  1
92:   0.5000  0.5000  1
93:   0.5070  0.4930  1
94:   0.4980  0.5020  1
95:   0.5090  0.4910  1
96:   0.4990  0.5010  1

 1:   0.5040  0.4960  1
 2:   0.4970  0.5030  1
 3:   0.5000  0.5000  1
 4:   0.4960  0.5040  1
 5:   0.4980  0.5020  1
 6:   0.5000  0.5000  1
 7:   0.5010  0.4990  1
 8:   0.5060  0.4940  1
 9:   0.4920  0.5080  1
10:   0.4950  0.5050  1
11:   0.5060  0.4940  1
12:   0.4990  0.5010  1
13:   0.4960  0.5040  1
14:   0.5010  0.4990  1
15:   0.5090  0.4910  1
16:   0.5070  0.4930  1
17:   0.4990  0.5010  1
18:   0.4980  0.5020  1
19:   0.4930  0.5070  1
20:   0.5060  0.4940  1
21:   0.4900  0.5100  1
22:   0.5000  0.5000  1
23:   0.4940  0.5060  1
24:   0.5080  0.4920  1
25:   0.4990  0.5010  1
26:   0.4990  0.5010  1
27:   0.5140  0.4860  1
28:   0.4970  0.5030  1
29:   0.5010  0.4990  1
30:   0.5030  0.4970  1
31:   0.5130  0.4870  1
32:   0.4970  0.5030  1
33:   0.5080  0.4920  1
34:   0.5040  0.4960  1
35:   0.5010  0.4990  1
36:   0.4980  0.5020  1
37:   0.4970  0.5030  1
38:   0.5030  0.4970  1
39:   0.5090  0.4910  1
40:   0.5090  0.4910  1
41:   0.4970  0.5030  1
42:   0.4940  0.5060  1
43:   0.5020  0.4980  1
44:   0.4940  0.5060  1
45:   0.5010  0.4990  1
46:   0.4890  0.5110  1
47:   0.5060  0.4940  1
48:   0.5020  0.4980  1
49:   0.4940  0.5060  1
50:   0.4950  0.5050  1
51:   0.4990  0.5010  1
52:   0.5010  0.4990  1
53:   0.5020  0.4980  1
54:   0.4950  0.5050  1
55:   0.5140  0.4860  1
56:   0.5040  0.4960  1
57:   0.4990  0.5010  1
58:   0.5040  0.4960  1
59:   0.5030  0.4970  1
60:   0.5020  0.4980  1
61:   0.4980  0.5020  1
62:   0.5070  0.4930  1
63:   0.4980  0.5020  1
64:   0.5050  0.4950  1
65:   0.5000  0.5000  1
66:   0.5010  0.4990  1
67:   0.5040  0.4960  1
68:   0.5090  0.4910  1
69:   0.5030  0.4970  1
70:   0.5020  0.4980  1
71:   0.5060  0.4940  1
72:   0.5070  0.4930  1
73:   0.5050  0.4950  1
74:   0.4970  0.5030  1
75:   0.5040  0.4960  1
76:   0.4900  0.5100  1
77:   0.4950  0.5050  1
78:   0.4970  0.5030  1
79:   0.5010  0.4990  1
80:   0.5030  0.4970  1
81:   0.5050  0.4950  1
82:   0.5040  0.4960  1
83:   0.5030  0.4970  1
84:   0.5000  0.5000  1
85:   0.5000  0.5000  1
86:   0.5060  0.4940  1
87:   0.4960  0.5040  1
88:   0.5030  0.4970  1
89:   0.5060  0.4940  1
90:   0.4990  0.5010  1
91:   0.4980  0.5020  1
92:   0.5050  0.4950  1
93:   0.4980  0.5020  1
94:   0.5010  0.4990  1
95:   0.4940  0.5060  1
96:   0.4980  0.5020  1

